time,x,y,z,phi,theta,psi,x_velocity,y_velocity,z_velocity,phi_velocity,theta_velocity,psi_velocity,rotor_speed1,rotor_speed2,rotor_speed3,rotor_speed4
0.06,-3.9271599456263344e-07,-9.503227187815707e-08,10.003727480511811,6.282970967967184,0.0003421266892624786,0.0,-3.318426657953731e-05,-1.3239542870139675e-05,0.12424315592797922,-0.011896876061994743,0.01518521959202944,0.0,443.5461393654606,444.7911940103242,445.368147077613,444.3942781230949
0.12000000000000001,-1.3696386949846694e-05,-7.773461569990492e-06,10.015270101531668,6.282761084272298,0.001450402857399169,0.0,-0.0005194326900125267,-0.0002882033509843086,0.2604887953705528,0.009488952889527408,0.024343927300496355,0.0,448.18586292562327,448.9294399862765,447.1332222375827,448.871834697696
0.18,-8.124344161233026e-05,-3.0209925771253374e-05,10.034434016505022,0.0011810349140173315,0.0026497235487807913,0.0,-0.0018731973784267726,-0.00033257566700230657,0.37827579254829524,0.04856056193205572,0.009423930355487692,0.0,443.39430422790275,442.1670484616508,440.80092753056226,444.01759246756313
0.23999999999999996,-0.0002474091954143758,-1.585547701149082e-05,10.05891106315598,0.004779303814550495,0.0034559471809121334,0.0,-0.003732405421064403,0.0011297301618364399,0.43760352779240314,0.07634930026562002,0.020450000815682934,0.0,424.2901309095039,425.23545296355957,421.9636966216358,424.3580031574353
0.3,-0.0005440698421315755,0.0001630468630571657,10.087247093963516,0.008946414116096868,0.004705611023399392,0.0,-0.00627688143966215,0.005265550579089551,0.5068989735101077,0.04978584020910376,0.02157261655606546,0.0,427.53703447040317,427.63266530269993,428.07939486203327,425.81706490752975
0.36000000000000004,-0.0010159555953861688,0.0006618725397373421,10.119264105358473,0.0116936387572526,0.006020904121747606,0.0,-0.009576638105140919,0.011635865348636963,0.5603062782255236,0.03627009302755146,0.022610373688532578,0.0,422.10662788699403,422.196203476763,422.7337271152843,421.5689762499741
0.4200000000000001,-0.0017147616675681372,0.0015996677138511415,10.15503710365002,0.013822130009251588,0.007083071800918717,0.0,-0.013837400876316868,0.01983410335779094,0.6320861068572369,0.033835344064701615,0.0054280672611345965,0.0,429.1984239387615,427.7378195445888,428.06229056320615,427.85568554666867
0.48000000000000015,-0.002718623882133068,0.0031353442945745175,10.19960860895011,0.01625140771183009,0.007040061755533067,0.0,-0.01964583213620165,0.03162364908574152,0.8534872797110002,0.05126004580560891,-0.01731974193542722,0.0,475.5095510850039,473.76401264437743,473.35247560716016,474.69201523637264
0.5400000000000001,-0.004056703831624848,0.0054248454629610325,10.256424749123703,0.019847730744604775,0.0059833250873975174,0.0,-0.024835464158882832,0.045078203126911194,1.0402263958103763,0.07325742585846674,-0.018203826520921625,0.0,463.33695525493476,463.26753886761077,464.6386015394374,466.36199841623977
0.6000000000000002,-0.005667009070888069,0.008553055000263139,10.321650080004126,0.02470465800880639,0.006048143724771471,0.0,-0.028804295598371478,0.05966435261398603,1.1338524502901601,0.09305658782269904,0.024472203502708095,0.0,434.5826284681866,438.14472617158157,434.860256303726,436.5207099583744
0.6600000000000003,-0.007527109550951452,0.012670592027322743,10.392887785961522,0.029728375220908987,0.007252634940906333,0.0,-0.03333802699622888,0.07814706320099576,1.2406110107757096,0.04867974293297087,0.009383812679141375,0.0,440.679542773526,439.43068095126597,442.61295642423124,438.95110711973206
0.7200000000000003,-0.009711766478651863,0.01810890426901066,10.474421975860526,0.03266459452674386,0.00895939084582853,0.0,-0.03963875289068618,0.1034791266667024,1.4769069978910951,0.04944640861905398,0.05166766007277615,0.0,478.35775513531223,481.5666904976504,479.6624124432292,479.7219140395346
0.7800000000000004,-0.012268862477664646,0.024942138274751762,10.564119776609918,0.0369322361077522,0.011706654268595962,0.0,-0.045871581750113875,0.12464490787904883,1.5129564040992445,0.09623265677443282,0.030187171765533788,0.0,418.99270332481734,417.12250146388504,416.8150354519581,420.8872031071677
0.8400000000000004,-0.015253499736238582,0.033153088595579604,10.65650585398179,0.042624960848514526,0.013657163354114488,0.0,-0.05379486803869435,0.14959562482993496,1.5664819398725394,0.0920255473702657,0.03678722846807193,0.0,425.07858481769773,425.64419691719957,423.5743612526532,423.2205672778212
0.9000000000000005,-0.01880151986771967,0.04311959995565757,10.755503753934763,0.04887903894555912,0.01661325732445107,0.0,-0.06476655489414691,0.18327679665288266,1.7331726641200538,0.12143112482611919,0.06674493783215989,0.0,459.64228591596043,462.0114281953745,458.42818042739447,460.7672884972642
0.9600000000000005,-0.023047204419815615,0.05515679527259641,10.862536107371671,0.05653292130275567,0.020417502039800084,0.0,-0.07715397123727646,0.2187192882145976,1.8343640403453332,0.13763310402684986,0.05571131357589432,0.0,441.22990148718765,440.3210522732175,439.6865138198887,441.0414959567819
1.0200000000000005,-0.02819714612769627,0.06971387263581727,10.979611318377014,0.06512184481148253,0.024241539939692913,0.0,-0.09494355609922668,0.2675193158404206,2.0676722372344787,0.15236088248422386,0.07625570198960704,0.0,479.69182316811316,481.2518145572673,480.9475004020156,482.07882885171927
1.0800000000000005,-0.034428197522007827,0.08718123687873412,11.107190651719737,0.0741625927410059,0.029923908082363226,0.0,-0.11330453937085622,0.315659190614708,2.1846665957407607,0.14708836520751425,0.11744768150066637,0.0,445.0157421959652,448.3815093268034,447.5531446501569,447.1450167115307
1.1400000000000006,-0.04187660163377578,0.10769329157870787,11.241332354602863,0.08302368442512709,0.03765828411648009,0.0,-0.13573353561071205,0.36896059804956804,2.286417593755096,0.14885053779398003,0.14532699951321199,0.0,441.4840711978179,443.7930774781801,443.10957943494566,443.2749299623032
1.2000000000000006,-0.05093869697805352,0.13180598562022983,11.384140423524256,0.09143967062887892,0.04631123292743755,0.0,-0.1673216143670908,0.43576519584022466,2.4733189686297266,0.11150157734808826,0.14189818912926788,0.0,469.39792166252187,469.1499874865673,471.53772407249426,468.65996229273236
1.2600000000000007,-0.062212842092725026,0.1603339997437236,11.540532767435154,0.09790785027921434,0.05497971539860469,0.0,-0.2095450760319703,0.5159358952728181,2.7390025739898367,0.09913936056263081,0.14918009732329704,0.0,494.11326859340886,494.66693862466667,493.40116423475166,492.4965778411152
1.3200000000000007,-0.07608837070252232,0.19355872171225025,11.710077788392766,0.10339716334798332,0.06402052795778257,0.0,-0.25396626305630887,0.5921531623017082,2.911918522932492,0.0682499747283339,0.1535198766407263,0.0,467.175831088164,467.534210815746,470.1370946824316,467.7438642930244
1.3800000000000008,-0.0925491279391401,0.23101584831138364,11.88561016004109,0.10776970067090641,0.07314046808554675,0.0,-0.29555997062789546,0.6567828612719745,2.9389651188294845,0.08080804850615288,0.1487735257796118,0.0,423.9594703244298,423.57445761045625,422.5097570242782,423.59544558541825
1.4400000000000008,-0.11180424224317526,0.2726191739132047,12.064467763131356,0.11247320352330803,0.08240830464466775,0.0,-0.34717128512706685,0.7304280979307921,3.022577698429365,0.07306218472974647,0.16392004418826225,0.0,442.3181844857459,443.58624034910684,441.8556085900131,441.2214969469485
1.5000000000000009,-0.13442058838697088,0.3188295748230771,12.249181296235408,0.11687261696912898,0.09200245213655389,0.0,-0.4076933170875254,0.8103159803659775,3.134055050776705,0.07384095841292068,0.15034322266974515,0.0,451.6775922511424,450.60505632326044,452.52656656485584,452.59332413103374
1.560000000000001,-0.161009341235478,0.3700986023955225,12.442048564812595,0.1213940663377242,0.10079889582276813,0.0,-0.4795473186845058,0.8990666704456858,3.2941926327470656,0.07822845162763903,0.1378438465969472,0.0,468.97845971935595,468.02540931442996,466.9395924708737,467.28590227744354
1.620000000000001,-0.19163482810486676,0.4262313033401059,12.639938678837684,0.12611494370816256,0.10942172340844891,0.0,-0.5420494350301068,0.9724085791241815,3.3019378342393364,0.0795713881996647,0.15341964947948286,0.0,420.1915608950895,421.5600702600275,420.57490740344986,420.6965395694163
1.680000000000001,-0.22658034317028905,0.48731175776928015,12.84192341223259,0.13104418842187826,0.11860768647322573,0.0,-0.623735964374454,1.0640365882152898,3.4302552030145,0.08687218370691724,0.1524518694787155,0.0,459.6014760708153,459.5460314074529,460.1419076545145,460.72472435536315
1.740000000000001,-0.26633927682184155,0.5536789806410348,13.049215190744498,0.13614518316914914,0.1275267926312198,0.0,-0.7023983804035842,1.1486321687206849,3.4790733327471015,0.08102284288414109,0.13970880570253263,0.0,437.099439649169,436.0571967636966,436.0755412798464,435.5927081346163
1.8000000000000012,-0.31112029266148167,0.6253528699025839,13.260412001185134,0.14191916348040312,0.13565722649223844,0.0,-0.7910891531852556,1.2409556808367648,3.5602912786016447,0.11627822028461153,0.12541113310639987,0.0,449.1146921986341,447.9701343790184,445.0108771244772,447.894894789571
1.8600000000000012,-0.36123323987065764,0.7025248401151152,13.475350914180082,0.14890799286077705,0.14295234764433395,0.0,-0.8800164323986492,1.3320306447632484,3.6039041778337584,0.11688161363417787,0.11256762651218664,0.0,436.58040034562583,435.52098220941383,437.04800183170437,437.11069076854176
1.9200000000000013,-0.41676385048908465,0.7852297210699983,13.692483362649611,0.1563619228647033,0.14975868012173343,0.0,-0.971608346039637,1.4253984273210805,3.6334414497447067,0.13590480600279148,0.1151252879366442,0.0,432.8099379276783,433.03698250051394,432.0936478165061,433.7087202332638
1.9800000000000013,-0.4782339070416468,0.8739957622909217,13.913386059442002,0.164339293771949,0.15632240441621548,0.0,-1.078026910573377,1.5341765717612796,3.729286647153975,0.1262965939194415,0.09435141564008098,0.0,454.88894679388835,453.23232757603176,456.712283548908,455.9609673382517
2.0400000000000014,-0.5459290737277317,0.9691365522266979,14.138163417018893,0.17217447411342235,0.16241790042298643,0.0,-1.1790006048155848,1.6378113995732329,3.7628262125905487,0.13801343521463416,0.11312486751458493,0.0,436.7829547957852,438.3548848977671,435.2277425207615,436.2232773824043
2.1000000000000014,-0.6199170700293394,1.0707524884235915,14.365576705757496,0.18034114153028824,0.17002124774662608,0.0,-1.287922458915763,1.7500591298832544,3.817006583773649,0.13201071176316695,0.14527978257985588,0.0,443.4689387702773,446.1165097624901,444.3800497655302,443.904801565137
2.1600000000000015,-0.7008544615364707,1.1795166361150395,14.597643398426042,0.1880564121143964,0.1788008327110404,0.0,-1.4108132671507767,1.8760482400074772,3.9176885372192345,0.12068018493702815,0.14833921482406098,0.0,460.48860702552923,460.74979012874434,461.13662957764257,460.2550605381208
2.2200000000000015,-0.7888683474212885,1.2954835047739297,14.833077073812317,0.19501284518849538,0.18781246664895246,0.0,-1.5237638543601109,1.9900351797039562,3.929587288153057,0.10421138028089214,0.1536626782348219,0.0,433.56554209508306,434.03440698431893,434.49731234025427,433.1265210823378
2.2800000000000016,-0.8835641103270554,1.4181289305652827,15.067817290720471,0.20081395794209556,0.19684157294372628,0.0,-1.6335279950836188,2.098558362374163,3.894764446629864,0.07408425450571521,0.1432319927208149,0.0,420.0163638126977,419.1333644315429,419.87231064341813,417.25829053881665
2.3400000000000016,-0.9862205173368778,1.5485762363757603,15.30636519143005,0.20533433463374884,0.20503854722131098,0.0,-1.7891526011810535,2.249914820554099,4.055675255793329,0.07773770034684645,0.11816824807982976,0.0,484.2580759198789,482.38414485518547,482.46698933146405,482.74673565963644
2.4000000000000017,-1.0977714518901087,1.6875733755350766,15.551566458522835,0.2099670595781964,0.21201577845090114,0.0,-1.9298237308748092,2.3835796706904233,4.116964266875233,0.07614021296976625,0.11223547564154455,0.0,454.4844449184313,454.02039973100767,454.4806111607052,454.35712350621645
2.4600000000000017,-1.2180519174809552,1.8348041458895,15.80105555141826,0.21510305145911168,0.2185523451383924,0.0,-2.080094310737558,2.5243752515493116,4.198475254416734,0.09983152512548356,0.10138206181820368,0.0,462.4222137061708,461.57627134023227,461.8529748736788,463.723489093679
2.520000000000002,-1.3474565773534495,1.9905430996389781,16.055248857734625,0.22166310195286076,0.22443628951408456,0.0,-2.233889920925184,2.6673148594420986,4.273735247299701,0.12361283140720143,0.09044124087952317,0.0,462.8855722830757,462.0314627389856,461.1991354260639,463.0836256306421
2.580000000000002,-1.4861220335451584,2.1548864517510418,16.313506417621298,0.22973221759136742,0.23025534463380026,0.0,-2.3887466832665423,2.811316908260026,4.33394614387081,0.15028321784178164,0.1076062390826612,0.0,458.0974665806313,459.4681309151758,459.1029606013132,461.2300287054049
2.640000000000002,-1.6337804082004181,2.327597532315183,16.57354942299162,0.2383723188670972,0.23690827444396678,0.0,-2.5337388829139997,2.9463061821839003,4.33346120288594,0.12690087552077656,0.11673423430204703,0.0,440.9810751081985,441.7454845552202,442.8658740330637,440.9572468012933
2.700000000000002,-1.7902669481790217,2.5085324207252726,16.833487937548238,0.24634333881382897,0.2441226721359797,0.0,-2.6830642882440556,3.0853268422283167,4.330452839995173,0.14266653117223885,0.1264572685532475,0.0,441.6954548842777,442.5097746984978,441.9476291623289,443.2615272865014
2.760000000000002,-1.9557763440622016,2.697851028083106,17.09287519254853,0.25442064738685755,0.2516030944810721,0.0,-2.8345307313582104,3.2257929977109203,4.3150812958869995,0.1092520285876298,0.12084821062148923,0.0,440.3101147289434,439.86002941606745,440.969312605401,438.2161237267984
2.820000000000002,-2.1303759047870683,2.895567077982536,17.35074934384247,0.26109493532196826,0.2589417243443872,0.0,-2.986053746744253,3.365074279745558,4.280144652778359,0.1149375521611398,0.1250828202304166,0.0,435.6413800697785,436.00922758971655,433.35760571907093,433.8466149170238
2.880000000000002,-2.3152307620773964,3.102722035870684,17.610183937305994,0.2681333028502575,0.26606026634149504,0.0,-3.1763436301129957,3.5403852384099213,4.366373123410683,0.12166218629368819,0.10090552221815328,0.0,476.9017099976482,475.0624548903161,475.82597212046437,476.3518848730036
2.940000000000002,-2.511134579374854,3.319997406706899,17.87286571763073,0.2749747183199087,0.2721207057666568,0.0,-3.3542429825501725,3.702446641799804,4.388720164274474,0.09085669087187305,0.10120999116306938,0.0,458.53240622039164,458.5650723776259,459.0979016434105,456.6573660173543
3.000000000000002,-2.7180429171097984,3.5472777650286202,18.137510736244668,0.2801313035200872,0.2776987846671153,0.0,-3.5431345073491487,3.8736762091472317,4.431720462320132,0.07365872136897497,0.06640586096648213,0.0,468.4727205590507,465.7644948124879,467.64583042156215,466.3096358097159
3.0600000000000023,-2.9359764652080953,3.7844765494065777,18.40324356406353,0.2843469184042453,0.28136375358933563,0.0,-3.7216103590690603,4.0330089736226045,4.425332922106317,0.062413462148243185,0.04744697468291188,0.0,451.73797588138024,450.2087994919567,455.4188313814174,454.5219119295381
3.1200000000000023,-3.1642047975343712,4.030789329658711,18.666906454272535,0.2880964717412944,0.28420540947156514,0.0,-3.886281734895211,4.177476801041934,4.363074611354403,0.06265020220848612,0.04718834427778876,0.0,435.77490510493453,435.7546787216538,434.99232709199094,435.0150659099317
3.1800000000000024,-3.4033009057032935,4.286686573624613,18.929807877015072,0.29194677775595856,0.28714702899142797,0.0,-4.083753397551502,4.352369696466452,4.399355189569694,0.0670520369474253,0.05247057691509335,0.0,468.8651485556459,469.27677992280866,469.64624519325156,469.9903679997801
3.2400000000000024,-3.6541723546329394,4.552959721764648,19.194341041698998,0.29546721221640926,0.2903795458735603,0.0,-4.278837670738968,4.523341480126035,4.417522780573719,0.031238881298240005,0.056545289006381776,0.0,465.09177309792756,465.4126447819844,467.4240323753333,464.62608398752457
3.3000000000000025,-3.916703831232312,4.829375862925897,19.45950138173592,0.29746216222476995,0.2938931098037658,0.0,-4.472471135366916,4.69029037093616,4.420393541160112,0.03699305339170905,0.062309137397344116,0.0,462.68302315279897,463.1389174361126,461.8394498074544,462.29356477249087
3.3600000000000025,-4.188391583780361,5.113327461017931,19.71674920918409,0.29998406748472917,0.29748660488882184,0.0,-4.5844048374851,4.774939607089716,4.155349395937397,0.05057036043386616,0.054558155013965666,0.0,365.60644063854966,364.83646852654164,364.00209070551,365.36009084742324
3.4200000000000026,-4.468895920741716,5.404301610517707,19.96440025074091,0.30420469377541703,0.30091107938602946,0.0,-4.766067203207032,4.924169068143783,4.099177525171717,0.09409201097028022,0.06168248080288562,0.0,442.5107055712266,443.09915662809595,440.53975951031606,444.1279837916629
3.4800000000000026,-4.76173581458027,5.7055572405447,20.21276449697881,0.3098144976630133,0.3046461380584926,0.0,-4.995424512847257,5.11763615518413,4.17815772245381,0.09227968825132878,0.06336390268902002,0.0,488.02808735108886,488.1560089273194,489.2177638429228,489.08928984542456
3.5400000000000027,-5.066482177749125,6.016575890525547,20.459865265589727,0.314957742312278,0.3084965042837018,0.0,-5.163223769851104,5.249776447673388,4.0582833180171525,0.06749453559848913,0.06574259124020088,0.0,424.25130829644354,424.45877518730515,425.8290721270711,423.7091696504801
3.6000000000000028,-5.382196654216011,6.336326869595933,20.702135865033895,0.319374533374301,0.3122045596200902,0.0,-5.360931376660679,5.408505102706821,4.016674483906727,0.08366536784488138,0.052448904547444386,0.0,452.8567146985787,451.7884942834385,452.66168170779844,453.96546510153195
3.660000000000003,-5.708915073738222,6.664690342539803,20.939051251568987,0.3244340548393092,0.3156328804667705,0.0,-5.5301258566543465,5.537033752901451,3.8803456202281477,0.08561287213729284,0.06516683193499767,0.0,420.1026220897888,421.20666285549675,420.8995097861698,421.0743222167274
3.720000000000003,-6.046477173599315,7.001367392118171,21.16948514331022,0.3296598679313023,0.3194165657889023,0.0,-5.7223368311956,5.685531355434063,3.800205622063824,0.08990913827561293,0.05848008383999137,0.0,441.6564558132472,441.10735847553366,441.6743125849659,442.03491115030806
3.780000000000003,-6.395903726884553,7.347201835345725,21.39571554000509,0.33484060447033936,0.32350210447379535,0.0,-5.9255768514339335,5.8422373834726775,3.7400610524230222,0.07805233227302576,0.08250058324750625,0.0,449.80558812970935,451.75043174461706,449.7424394535969,448.78683340333384
3.840000000000003,-6.758242722121043,7.7030475158658565,21.6199744183715,0.339009820438398,0.3283472582469358,0.0,-6.152745565748438,6.019048368649947,3.7340736962062944,0.04080994240796072,0.07700733594188708,0.0,469.70124166283557,469.27978953588894,472.49932303254315,469.6216939569268
3.900000000000003,-7.13325177546406,8.068432360411744,21.840798708219793,0.3413653143735633,0.3329759434515509,0.0,-6.348071035553097,6.160198343582928,3.626339368205086,0.0359595924842126,0.07741802002609734,0.0,437.6740826363354,437.71308810863275,437.49429418821757,437.09093247102754
3.960000000000003,-7.519672315325872,8.441833264911175,22.053953350588422,0.3437806373500818,0.3385859439458949,0.0,-6.533230242728582,6.286292690388828,3.4786372177409373,0.04769686408211751,0.11430672928522637,0.0,421.94816538363864,425.12906921171776,423.6002804887614,424.60962222807166
4.020000000000002,-7.917312938999282,8.822737481330417,22.25814297740546,0.3467840843233505,0.34500904443309377,0.0,-6.722146174440196,6.410311565059243,3.327399402840344,0.05440234004407673,0.08577269620921897,0.0,424.00189324532255,421.5528819390944,423.18074184270114,423.75942656653837
4.080000000000001,-8.328004541161201,9.212538701048587,22.457329863319945,0.3505001217907209,0.35020216403634663,0.0,-6.967968781016158,6.582644431483614,3.3109626044739273,0.0738421908989118,0.08806574081044864,0.0,472.05711521862537,472.2397732359188,470.5028895043477,472.008369770282
4.14,-8.752966898023411,9.612075926183852,22.65385127936228,0.35517071340493445,0.35543255028474086,0.0,-7.197918251174682,6.7349995377147325,3.2388283018923487,0.08483399899088416,0.0853265497931329,0.0,456.1105474681904,455.89774401934454,454.3145514716248,455.1998982140177
4.199999999999998,-9.191447643028997,10.020353508141733,22.84491368529544,0.36085560374599623,0.36058219013771975,0.0,-7.418628508385804,6.874093724120204,3.1291797364562215,0.10949597114825028,0.0868098929560765,0.0,443.8990295835624,444.0268457616018,443.56658486294657,445.59524828814097
4.259999999999997,-9.643927086601835,10.4375595616137,23.030851420602016,0.3676601423761756,0.36567020031073927,0.0,-7.664429332117836,7.032590111011247,3.067535778149736,0.12026246176715075,0.08044602860872217,0.0,463.92512244954673,463.4305809680376,462.25264688540597,463.11136528524264
4.319999999999996,-10.110470041721916,10.863520371464151,23.210984236994676,0.37468662025783406,0.37044904748320207,0.0,-7.887521960357296,7.166036694126916,2.9361456468600835,0.10991290644683584,0.07800150994611639,0.0,441.3678407779262,441.1711148581974,441.4483371200369,440.6055771263355
4.379999999999995,-10.59096576493542,11.297904873475009,23.384185783129936,0.38179597504147633,0.3752858365928633,0.0,-8.129455500660582,7.3132704656578245,2.836220973297234,0.13167981747147225,0.08537972317604202,0.0,453.89818816241666,454.4951753887334,453.6813591913397,455.43824280611585
4.439999999999993,-11.085722055470432,11.740761823119001,23.55036222784773,0.38933990952092046,0.37996344837302587,0.0,-8.36293746090274,7.44852698491967,2.702122407423849,0.10989817971667665,0.05588118858385147,0.0,445.770720094773,443.3574044901783,445.4368957610567,443.665583722841
4.499999999999992,-11.594911276641701,12.192014585991682,23.709071994070484,0.3956642624482365,0.38326035567808425,0.0,-8.610466665602058,7.593008307224545,2.5873068879701666,0.09443816617323114,0.05301529794024834,0.0,453.2594219973335,453.0309227144971,454.568857852071,453.3372204684281
4.559999999999991,-12.118625758925392,12.651487344434221,23.85976644362035,0.4013531405013291,0.38606676589300815,0.0,-8.847220892687634,7.722526119315538,2.4352525306304518,0.09555658595198745,0.02980564793606032,0.0,442.7202576641526,440.8070163124898,442.15870044011024,442.2585437194085
4.6199999999999894,-12.65577621900544,13.117843231945008,23.999241434678435,0.40677629896756873,0.38773067419022045,0.0,-9.058506565045914,7.822602989109898,2.2139066248208787,0.07726527931340862,0.023223797691031257,0.0,416.51065209448495,415.93465067776003,418.00915802925164,416.4188141173234
4.679999999999988,-13.206939854692605,13.591338881204143,24.12810901734353,0.41188388264834863,0.38944887964217756,0.0,-9.314096331635454,7.960245379451667,2.081016108323422,0.09744598771234966,0.03771195497821977,0.0,448.78229192332196,449.9573455286761,450.8776393226959,452.51133548505413
4.739999999999987,-13.774096990471843,14.073571376573918,24.250104333429555,0.4175185064000848,0.39206619934969567,0.0,-9.59154108585158,8.113738511997523,1.984396417020558,0.08569409517141288,0.05339059200920958,0.0,465.0657946149198,466.2935690405288,465.76575469574055,464.85242871412174
4.799999999999986,-14.358161321411862,14.565089814032548,24.366463283564638,0.42285087098406304,0.3954646118306364,0.0,-9.877701786572697,8.269658136305573,1.8930120472602465,0.09456949991266866,0.06245265083852623,0.0,469.34837529082574,470.05338643485953,470.02466709121467,470.7182999348147
4.859999999999984,-14.958451645160675,15.06483521698212,24.4748350099486,0.42817315234823106,0.3991225535389553,0.0,-10.132653852038805,8.388154013713224,1.71872066163099,0.07316798322350496,0.0578138526794044,0.0,443.55196548335414,443.1733476738824,442.8255298783157,441.0672929214736
4.919999999999983,-15.574340188000052,15.571766831161293,24.572966217120356,0.432300335049983,0.4024889213180325,0.0,-10.397663046393056,8.50907748648281,1.5516526107244926,0.05814841302870843,0.052452606118140295,0.0,447.74166132496146,447.307219045741,447.0172276103371,445.79466024493234
4.979999999999982,-16.205307538729123,16.08489903495035,24.65888469257029,0.43577974011997256,0.40584263042232305,0.0,-10.635539185741315,8.594988873971825,1.3122261285286236,0.05767166878105899,0.06201557241383815,0.0,419.5250631866332,420.35721551216557,420.9662699616904,420.92752938737885
5.0399999999999805,-16.852407044572956,16.604746718047657,24.73391935519026,0.4393318805284947,0.4099018182800034,0.0,-10.935085514675642,8.732511979321206,1.1878322308961973,0.06209906517936746,0.07704169518985989,0.0,463.1167804537752,464.30074913133467,465.70848470256306,466.0570527743402
